{
  "scene_id": "room1",
  "coordinate_system": "right_handed_Z_up_meters",
  "scale_m_per_colmap_unit": 0.14678562317298643,
  "poses": [
    {
      "image": "frame_000025.jpg",
      "camera_id": 1,
      "width": 720,
      "height": 1280,
      "registered": true,
      "center_m": [
        -1.4942399952883871,
        -0.1223033220089018,
        0.15486629788210926
      ],
      "camera_to_world_rotation": [
        [
          0.7466009783937341,
          -0.6630120201742286,
          0.05479087666763564
        ],
        [
          0.18297635220601075,
          0.12546517016788675,
          -0.9750785330465055
        ],
        [
          0.6396144413589343,
          0.7380200215300614,
          0.2149879397218989
        ]
      ]
    },
    {
      "image": "frame_000031.jpg",
      "camera_id": 1,
      "width": 720,
      "height": 1280,
      "registered": true,
      "center_m": [
        -1.5139895369857466,
        -0.23891681707696724,
        0.09471726417264612
      ],
      "camera_to_world_rotation": [
        [
          0.7673660442502164,
          -0.6359895494548401,
          0.08164953836982528
        ],
        [
          0.2839329240717975,
          0.22285787010372599,
          -0.9325859018668843
        ],
        [
          0.5749186453402039,
          0.7388177466175683,
          0.35159193466734245
        ]
      ]
    },
    {
      "image": "frame_000033.jpg",
      "camera_id": 1,
      "width": 720,
      "height": 1280,
      "registered": true,
      "center_m": [
        -1.7447369052162862,
        0.06889668450520327,
        0.5512760426094959
      ],
      "camera_to_world_rotation": [
        [
          0.6156356247718381,
          -0.7880126567991326,
          -0.005369379495028378
        ],
        [
          0.13029844611993582,
          0.10851093575201293,
          -0.9855189961441396
        ],
        [
          0.7771840788709707,
          0.6060209811108817,
          0.16948002243003654
        ]
      ]
    },
    {
      "image": "frame_000035.jpg",
      "camera_id": 1,
      "width": 720,
      "height": 1280,
      "registered": true,
      "center_m": [
        -1.3709419797452724,
        -0.05075626426540893,
        0.2528023982113641
      ],
      "camera_to_world_rotation": [
        [
          0.6814206545070415,
          -0.72841419726891,
          0.0712646393962986
        ],
        [
          0.2697566464161345,
          0.15944538747364848,
          -0.9496359934878726
        ],
        [
          0.6803655218524198,
          0.6663256903575514,
          0.3051439513475842
        ]
      ]
    },
    {
      "image": "frame_000036.jpg",
      "camera_id": 1,
      "width": 720,
      "height": 1280,
      "registered": true,
      "center_m": [
        -1.2582621913554792,
        -0.021909857041866834,
        0.27859998638150185
      ],
      "camera_to_world_rotation": [
        [
          0.6884557706222469,
          -0.7224464611424277,
          0.06402938918739784
        ],
        [
          0.2587973977756159,
          0.16222803117040044,
          -0.9522110967674896
        ],
        [
          0.6775341753753079,
          0.6721258637229774,
          0.2986540883918108
        ]
      ]
    },
    {
      "image": "frame_000037.jpg",
      "camera_id": 1,
      "width": 720,
      "height": 1280,
      "registered": true,
      "center_m": [
        -1.2486304294207018,
        -0.008394662558663554,
        0.2746228377811278
      ],
      "camera_to_world_rotation": [
        [
          0.6696421343807668,
          -0.7409464314498528,
          0.05077201575375834
        ],
        [
          0.2468806658862878,
          0.15760431111763928,
          -0.956143722422878
        ],
        [
          0.700449390515485,
          0.6528087521157044,
          0.2884638356668347
        ]
      ]
    },
    {
      "image": "frame_000038.jpg",
      "camera_id": 1,
      "width": 720,
      "height": 1280,
      "registered": true,
      "center_m": [
        -1.1926938931806677,
        -0.012651095440218684,
        0.30604321171157417
      ],
      "camera_to_world_rotation": [
        [
          0.6646279988003173,
          -0.7450919106902794,
          0.05574646028757772
        ],
        [
          0.22662634626734007,
          0.12993227193185106,
          -0.9652761801102021
        ],
        [
          0.7119762091448011,
          0.6541831924885693,
          0.25521408322673406
        ]
      ]
    },
    {
      "image": "frame_000039.jpg",
      "camera_id": 1,
      "width": 720,
      "height": 1280,
      "registered": true,
      "center_m": [
        -1.1926254295082759,
        -0.0012468772111252089,
        0.3247823939594162
      ],
      "camera_to_world_rotation": [
        [
          0.6414760534089128,
          -0.7657075185695742,
          0.046909155918123537
        ],
        [
          0.20552703555210092,
          0.11262520994475392,
          -0.9721492682412849
        ],
        [
          0.7390988503306519,
          0.6332515756718851,
          0.22961997158127084
        ]
      ]
    },
    {
      "image": "frame_000040.jpg",
      "camera_id": 1,
      "width": 720,
      "height": 1280,
      "registered": true,
      "center_m": [
        -1.172872176596632,
        0.007717356664150679,
        0.31968531657412436
      ],
      "camera_to_world_rotation": [
        [
          0.6196113701525907,
          -0.7842256775755876,
          0.03273891581497409
        ],
        [
          0.18924423203263555,
          0.10878045902624739,
          -0.975885973040097
        ],
        [
          0.7617534841535071,
          0.6108656958490546,
          0.2158117953561462
        ]
      ]
    },
    {
      "image": "frame_000041.jpg",
      "camera_id": 1,
      "width": 720,
      "height": 1280,
      "registered": true,
      "center_m": [
        -1.1477516632234508,
        0.011942583926947645,
        0.3157165628223753
      ],
      "camera_to_world_rotation": [
        [
          0.5983876287175364,
          -0.8005933497905442,
          0.03134539948636047
        ],
        [
          0.17890095340215478,
          0.09537633451150634,
          -0.9792332733761395
        ],
        [
          0.7809780372517554,
          0.5915687982697405,
          0.20029893220906397
        ]
      ]
    },
    {
      "image": "frame_000042.jpg",
      "camera_id": 1,
      "width": 720,
      "height": 1280,
      "registered": true,
      "center_m": [
        -1.1301565089292978,
        -0.0013249553081670397,
        0.32118416014058676
      ],
      "camera_to_world_rotation": [
        [
          0.5781797467137404,
          -0.8154846216961158,
          0.0263251261569294
        ],
        [
          0.16567693694573116,
          0.08575031449151604,
          -0.982444927784192
        ],
        [
          0.7989113424243741,
          0.5723912257728528,
          0.1846860893622891
        ]
      ]
    },
    {
      "image": "frame_000043.jpg",
      "camera_id": 1,
      "width": 720,
      "height": 1280,
      "registered": true,
      "center_m": [
        -1.1129592932880796,
        -0.006668183138537894,
        0.3213512252943262
      ],
      "camera_to_world_rotation": [
        [
          0.5498486414190858,
          -0.8350301057973343,
          0.019778623351467756
        ],
        [
          0.1547528765846783,
          0.0785746561248192,
          -0.984823624109228
        ],
        [
          0.8208032765031789,
          0.5445647306124038,
          0.17242747882714943
        ]
      ]
    },
    {
      "image": "frame_000044.jpg",
      "camera_id": 1,
      "width": 720,
      "height": 1280,
      "registered": true,
      "center_m": [
        -1.0991754648087169,
        -0.007551721600245817,
        0.3273557355018466
      ],
      "camera_to_world_rotation": [
        [
          0.5129031373730305,
          -0.858326571195394,
          0.014348130639917462
        ],
        [
          0.14482263738107404,
          0.07004179331128665,
          -0.9869754560736194
        ],
        [
          0.8461422902649957,
          0.5083007420510979,
          0.16022977331136345
        ]
      ]
    },
    {
      "image": "frame_000045.jpg",
      "camera_id": 1,
      "width": 720,
      "height": 1280,
      "registered": true,
      "center_m": [
        -1.0902583304272602,
        -0.01452285890586374,
        0.3270625723210586
      ],
      "camera_to_world_rotation": [
        [
          0.4792094862552943,
          -0.8776663746158603,
          0.0077461701239320965
        ],
        [
          0.13917980340439814,
          0.06727297199331769,
          -0.9879794175809026
        ],
        [
          0.8665952057375174,
          0.4745272195647351,
          0.15439127982147083
        ]
      ]
    },
    {
      "image": "frame_000046.jpg",
      "camera_id": 1,
      "width": 720,
      "height": 1280,
      "registered": true,
      "center_m": [
        -1.075908255946273,
        -0.014308551155509979,
        0.32793824584457476
      ],
      "camera_to_world_rotation": [
        [
          0.4411613572589411,
          -0.8974218236876319,
          0.00327524512277899
        ],
        [
          0.13370630473544223,
          0.0621186150815483,
          -0.9890722429298799
        ],
        [
          0.8874115623178698,
          0.4367783740405606,
          0.14739528837463645
        ]
      ]
    },
    {
      "image": "frame_000047.jpg",
      "camera_id": 1,
      "width": 720,
      "height": 1280,
      "registered": true,
      "center_m": [
        -1.066441175399592,
        -0.024471255465565948,
        0.3308247269493025
      ],
      "camera_to_world_rotation": [
        [
          0.39449914103089323,
          -0.9188599338905766,
          -0.008176161476677095
        ],
        [
          0.12655902402590313,
          0.06314498277726349,
          -0.9899472332340093
        ],
        [
          0.9101391328601901,
          0.38949856615995954,
          0.14120065791573824
        ]
      ]
    },
    {
      "image": "frame_000048.jpg",
      "camera_id": 1,
      "width": 720,
      "height": 1280,
      "registered": true,
      "center_m": [
        -1.0528422364352603,
        -0.034975155392284664,
        0.3331226436820332
      ],
      "camera_to_world_rotation": [
        [
          0.3507354849722667,
          -0.9363026544880401,
          -0.017943209855514793
        ],
        [
          0.12052229346519304,
          0.06413166821065075,
          -0.9906369193152499
        ],
        [
          0.9286867051698108,
          0.34528896352355254,
          0.13533859504838994
        ]
      ]
    },
    {
      "image": "frame_000049.jpg",
      "camera_id": 1,
      "width": 720,
      "height": 1280,
      "registered": true,
      "center_m": [
        -1.0472087641036252,
        -0.033064003201217856,
        0.3355986003108043
      ],
      "camera_to_world_rotation": [
        [
          0.30192640877329224,
          -0.9529656980026914,
          -0.026397388422075646
        ],
        [
          0.11671785181025024,
          0.0644324732926474,
          -0.9910728527480676
        ],
        [
          0.9461592819150818,
          0.2961500207929005,
          0.1306819743893599
        ]
      ]
    },
    {
      "image": "frame_000050.jpg",
      "camera_id": 1,
      "width": 720,
      "height": 1280,
      "registered": true,
      "center_m": [
        -1.0529738849818047,
        -0.024497459565725403,
        0.3328213080159057
      ],
      "camera_to_world_rotation": [
        [
          0.24695049637385066,
          -0.9685443040927962,
          -0.03061671684080186
        ],
        [
          0.11816142974666768,
          0.06145714621081712,
          -0.991090760576369
        ],
        [
          0.9617969270386199,
          0.24113264023981348,
          0.12962145250707768
        ]
      ]
    },
    {
      "image": "frame_000051.jpg",
      "camera_id": 1,
      "width": 720,
      "height": 1280,
      "registered": true,
      "center_m": [
        -1.0482411137700844,
        -0.025898769062639358,
        0.33518729062617436
      ],
      "camera_to_world_rotation": [
        [
          0.1961390412215948,
          -0.9797716852326259,
          -0.03971046870906574
        ],
        [
          0.11338565325568445,
          0.0628867122550913,
          -0.9915588510308034
        ],
        [
          0.9739985473009984,
          0.189980804920301,
          0.12342659201881605
        ]
      ]
    },
    {
      "image": "frame_000052.jpg",
      "camera_id": 1,
      "width": 720,
      "height": 1280,
      "registered": true,
      "center_m": [
        -1.0439485748030404,
        -0.024719011934180246,
        0.3373916146768472
      ],
      "camera_to_world_rotation": [
        [
          0.14421771314827647,
          -0.9883891807842365,
          -0.047833863767709504
        ],
        [
          0.10876181440893895,
          0.06387889470626879,
          -0.9920132834481508
        ],
        [
          0.98355077090141,
          0.137863389338039,
          0.11671146875723604
        ]
      ]
    },
    {
      "image": "frame_000053.jpg",
      "camera_id": 1,
      "width": 720,
      "height": 1280,
      "registered": true,
      "center_m": [
        -1.0397520748859277,
        -0.02421350929135488,
        0.3359630391242515
      ],
      "camera_to_world_rotation": [
        [
          0.09335917295257243,
          -0.9940500338695398,
          -0.056112342577892806
        ],
        [
          0.1046047574578371,
          0.06583963572042383,
          -0.9923320951603798
        ],
        [
          0.990122168998755,
          0.0867736857127149,
          0.11012909663223538
        ]
      ]
    },
    {
      "image": "frame_000054.jpg",
      "camera_id": 1,
      "width": 720,
      "height": 1280,
      "registered": true,
      "center_m": [
        -1.0422107841361625,
        -0.02577768535523645,
        0.33593426993175884
      ],
      "camera_to_world_rotation": [
        [
          0.04401411401162576,
          -0.9970427848113996,
          -0.06299557939491243
        ],
        [
          0.09860981829175716,
          0.0670845500662608,
          -0.9928624108499998
        ],
        [
          0.9941523331483152,
          0.037487976711693106,
          0.10127087487439468
        ]
      ]
    },
    {
      "image": "frame_000055.jpg",
      "camera_id": 1,
      "width": 720,
      "height": 1280,
      "registered": true,
      "center_m": [
        -1.0462484508763839,
        -0.027654287303112434,
        0.33548644701678315
      ],
      "camera_to_world_rotation": [
        [
          -0.002719860752826761,
          -0.997603080574437,
          -0.06914257722907592
        ],
        [
          0.09149377486611143,
          0.0686045657769793,
          -0.9934396321444507
        ],
        [
          0.9958019338795417,
          -0.009028132860432055,
          0.0910878767938953
        ]
      ]
    },
    {
      "image": "frame_000056.jpg",
      "camera_id": 1,
      "width": 720,
      "height": 1280,
      "registered": true,
      "center_m": [
        -1.0457459943901646,
        -0.031428093260998706,
        0.3347635860037435
      ],
      "camera_to_world_rotation": [
        [
          -0.04625785837205128,
          -0.9961776252793286,
          -0.07409689218630594
        ],
        [
          0.08196062746410437,
          0.07014126816437298,
          -0.9941643013335291
        ],
        [
          0.9955614828249042,
          -0.05206093922636554,
          0.07840275838481159
        ]
      ]
    },
    {
      "image": "frame_000057.jpg",
      "camera_id": 1,
      "width": 720,
      "height": 1280,
      "registered": true,
      "center_m": [
        -1.0396075560159905,
        -0.03612566806926523,
        0.3269065614934844
      ],
      "camera_to_world_rotation": [
        [
          -0.08368200389889352,
          -0.9934117871208142,
          -0.07829650971081586
        ],
        [
          0.07302030398796426,
          0.07224783178931078,
          -0.9947101517564042
        ],
        [
          0.9938135425868231,
          -0.0889565737378288,
          0.06649338733930903
        ]
      ]
    },
    {
      "image": "frame_000058.jpg",
      "camera_id": 1,
      "width": 720,
      "height": 1280,
      "registered": true,
      "center_m": [
        -1.0321065531311848,
        -0.04181919286318437,
        0.3218607008517082
      ],
      "camera_to_world_rotation": [
        [
          -0.11771364796656439,
          -0.9897000480099466,
          -0.08146970020512709
        ],
        [
          0.059876212295134464,
          0.0748171445445215,
          -0.9953980279684064
        ],
        [
          0.9912408064055839,
          -0.12205003011598857,
          0.05045249116837099
        ]
      ]
    },
    {
      "image": "frame_000059.jpg",
      "camera_id": 1,
      "width": 720,
      "height": 1280,
      "registered": true,
      "center_m": [
        -1.0246337380200978,
        -0.04478780961423865,
        0.3184447091517595
      ],
      "camera_to_world_rotation": [
        [
          -0.14511787821183397,
          -0.9859255682841479,
          -0.08301551196538927
        ],
        [
          0.04538083658367939,
          0.07718282463305721,
          -0.9959836300123753
        ],
        [
          0.9883730981235078,
          -0.148302344503528,
          0.033541519352828855
        ]
      ]
    },
    {
      "image": "frame_000060.jpg",
      "camera_id": 1,
      "width": 720,
      "height": 1280,
      "registered": true,
      "center_m": [
        -1.0226655633668846,
        -0.048155920817308705,
        0.31392435601702495
      ],
      "camera_to_world_rotation": [
        [
          -0.16555193991420844,
          -0.982643767561844,
          -0.08368859696820727
        ],
        [
          0.0306512444776356,
          0.07969175819264923,
          -0.9963481946027386
        ],
        [
          0.9857246351809488,
          -0.16751253609216546,
          0.016926129189995896
        ]
      ]
    },
    {
      "image": "frame_000061.jpg",
      "camera_id": 1,
      "width": 720,
      "height": 1280,
      "registered": true,
      "center_m": [
        -1.0209034873358083,
        -0.04918105063863269,
        0.30957759974174015
      ],
      "camera_to_world_rotation": [
        [
          -0.18117891680610418,
          -0.9798463848148896,
          -0.08411457822611965
        ],
        [
          0.013897699115751823,
          0.0829705863653863,
          -0.9964550846663748
        ],
        [
          0.9833519482180604,
          -0.18170565198522348,
          -0.001414910728633471
        ]
      ]
    },
    {
      "image": "frame_000062.jpg",
      "camera_id": 1,
      "width": 720,
      "height": 1280,
      "registered": true,
      "center_m": [
        -1.0177506570200718,
        -0.046271199454250685,
        0.30427072182084747
      ],
      "camera_to_world_rotation": [
        [
          -0.19154987146746952,
          -0.9779770900881222,
          -0.08288219352529978
        ],
        [
          -0.005135566721994974,
          0.08544342837715123,
          -0.9963297880228227
        ],
        [
          0.9814694456248959,
          -0.1904211958000683,
          -0.021389144322113213
        ]
      ]
    },
    {
      "image": "frame_000063.jpg",
      "camera_id": 1,
      "width": 720,
      "height": 1280,
      "registered": true,
      "center_m": [
        -1.0124784087375431,
        -0.040552228977930656,
        0.29475926295870025
      ],
      "camera_to_world_rotation": [
        [
          -0.19355997214063442,
          -0.9778340060069922,
          -0.07984481123551222
        ],
        [
          -0.024255883430601043,
          0.086128625318178,
          -0.9959887107893353
        ],
        [
          0.9807885548393795,
          -0.1908468406789031,
          -0.04038928198128086
        ]
      ]
    },
    {
      "image": "frame_000064.jpg",
      "camera_id": 1,
      "width": 720,
      "height": 1280,
      "registered": true,
      "center_m": [
        -1.012818809498356,
        -0.03233368586162047,
        0.2847984233331906
      ],
      "camera_to_world_rotation": [
        [
          -0.189328939465767,
          -0.9789766281324084,
          -0.07589014594312458
        ],
        [
          -0.048097896610821714,
          0.0864415361215775,
          -0.9950951980461752
        ],
        [
          0.9807350024458101,
          -0.18475016212020715,
          -0.06345260100401344
        ]
      ]
    },
    {
      "image": "frame_000065.jpg",
      "camera_id": 1,
      "width": 720,
      "height": 1280,
      "registered": true,
      "center_m": [
        -1.007610043759083,
        -0.024131103441434033,
        0.2724343547022238
      ],
      "camera_to_world_rotation": [
        [
          -0.17730492343612886,
          -0.9813772032386506,
          -0.07390364733078464
        ],
        [
          -0.07803454431308683,
          0.0888759606383213,
          -0.9929812050157165
        ],
        [
          0.9810573754980683,
          -0.17029341908629372,
          -0.09233946825026956
        ]
      ]
    },
    {
      "image": "frame_000066.jpg",
      "camera_id": 1,
      "width": 720,
      "height": 1280,
      "registered": true,
      "center_m": [
        -0.9997118768100195,
        -0.01195654196476047,
        0.26368326784341684
      ],
      "camera_to_world_rotation": [
        [
          -0.15879447904485083,
          -0.9851580400138432,
          -0.0651762964654867
        ],
        [
          -0.10018939811241802,
          0.08175196579298968,
          -0.9916041047690622
        ],
        [
          0.9822150466831314,
          -0.15093128332146527,
          -0.11168415189358663
        ]
      ]
    },
    {
      "image": "frame_000067.jpg",
      "camera_id": 1,
      "width": 720,
      "height": 1280,
      "registered": true,
      "center_m": [
        -0.9972294800025622,
        0.00036443571045271985,
        0.25478425983789155
      ],
      "camera_to_world_rotation": [
        [
          -0.1329187876626113,
          -0.9893900555141104,
          -0.05865077950110647
        ],
        [
          -0.11885981845850253,
          0.07466099079653873,
          -0.9901000353546561
        ],
        [
          0.9839740542526079,
          -0.1246316753600983,
          -0.12752257076542015
        ]
      ]
    },
    {
      "image": "frame_000068.jpg",
      "camera_id": 1,
      "width": 720,
      "height": 1280,
      "registered": true,
      "center_m": [
        -0.9942950936309345,
        0.012211905810928835,
        0.2468505225666605
      ],
      "camera_to_world_rotation": [
        [
          -0.10164537584804072,
          -0.9935206748678734,
          -0.05084177592094833
        ],
        [
          -0.13655213298925137,
          0.06455665297733859,
          -0.9885271637807681
        ],
        [
          0.9854043497695739,
          -0.09353666215152678,
          -0.14222925257750169
        ]
      ]
    },
    {
      "image": "frame_000069.jpg",
      "camera_id": 1,
      "width": 720,
      "height": 1280,
      "registered": true,
      "center_m": [
        -0.9913862244051409,
        0.02077120811874457,
        0.24264177270572612
      ],
      "camera_to_world_rotation": [
        [
          -0.06096217447649536,
          -0.9972269778827374,
          -0.04268451552916754
        ],
        [
          -0.15534506863906475,
          0.0517221010898644,
          -0.9865053136746776
        ],
        [
          0.9859774454482323,
          -0.053508680059521835,
          -0.15806738507885215
        ]
      ]
    },
    {
      "image": "frame_000070.jpg",
      "camera_id": 1,
      "width": 720,
      "height": 1280,
      "registered": true,
      "center_m": [
        -0.9879063427416979,
        0.030462496963266035,
        0.2396700155398736
      ],
      "camera_to_world_rotation": [
        [
          -0.019654521320661096,
          -0.9992032622298943,
          -0.034735292438570625
        ],
        [
          -0.1707469448374603,
          0.03758618711353325,
          -0.9845977652660705
        ],
        [
          0.9851188662391608,
          -0.013420852707775462,
          -0.17134964281336332
        ]
      ]
    },
    {
      "image": "frame_000071.jpg",
      "camera_id": 1,
      "width": 720,
      "height": 1280,
      "registered": true,
      "center_m": [
        -0.9871895020849348,
        0.04137309552065296,
        0.2362945384197707
      ],
      "camera_to_world_rotation": [
        [
          0.027172943851005972,
          -0.9992545830292141,
          -0.0274209667514118
        ],
        [
          -0.18370665288181595,
          0.021972085693687346,
          -0.9827355153535611
        ],
        [
          0.9826054634538884,
          0.031741230999777145,
          -0.18297266857426744
        ]
      ]
    },
    {
      "image": "frame_000072.jpg",
      "camera_id": 1,
      "width": 720,
      "height": 1280,
      "registered": true,
      "center_m": [
        -0.9866982015920128,
        0.05074227367674292,
        0.23526114025761824
      ],
      "camera_to_world_rotation": [
        [
          0.07903084173497232,
          -0.9966588357484885,
          -0.020622589050107772
        ],
        [
          -0.19546453997568974,
          0.00479284019696721,
          -0.9806990579657647
        ],
        [
          0.9775212221055635,
          0.08153645692151591,
          -0.1944326786472172
        ]
      ]
    },
    {
      "image": "frame_000073.jpg",
      "camera_id": 1,
      "width": 720,
      "height": 1280,
      "registered": true,
      "center_m": [
        -0.9910513943153867,
        0.0638010087076146,
        0.23507313604557278
      ],
      "camera_to_world_rotation": [
        [
          0.13148485403152643,
          -0.9912169029310609,
          -0.014169844884976869
        ],
        [
          -0.20471993044698905,
          -0.013164715709690975,
          -0.978732057479504
        ],
        [
          0.9699492168346179,
          0.13158929137296532,
          -0.20465281614938186
        ]
      ]
    },
    {
      "image": "frame_000074.jpg",
      "camera_id": 1,
      "width": 720,
      "height": 1280,
      "registered": true,
      "center_m": [
        -0.9980406993567393,
        0.07698218746057775,
        0.23464779507408745
      ],
      "camera_to_world_rotation": [
        [
          0.18448561970948008,
          -0.9828041396742946,
          -0.007815315699262814
        ],
        [
          -0.21246892514371502,
          -0.03211699164185192,
          -0.9766398797387663
        ],
        [
          0.959594712349273,
          0.18183652517287946,
          -0.214740462289642
        ]
      ]
    },
    {
      "image": "frame_000075.jpg",
      "camera_id": 1,
      "width": 720,
      "height": 1280,
      "registered": true,
      "center_m": [
        -1.002328983940946,
        0.09075943854568823,
        0.23464307959198075
      ],
      "camera_to_world_rotation": [
        [
          0.234564220691956,
          -0.9720947605069514,
          -0.0033768278174053346
        ],
        [
          -0.22018655094570957,
          -0.04974640535493643,
          -0.9741884714658119
        ],
        [
          0.946835523812773,
          0.22925329168671799,
          -0.22571091931272794
        ]
      ]
    },
    {
      "image": "frame_000076.jpg",
      "camera_id": 1,
      "width": 720,
      "height": 1280,
      "registered": true,
      "center_m": [
        -1.0082811463038563,
        0.10361084292367956,
        0.23226425243100196
      ],
      "camera_to_world_rotation": [
        [
          0.28411886128165886,
          -0.9587888997647098,
          0.0005642268965910615
        ],
        [
          -0.225172387419002,
          -0.06729755251378143,
          -0.9719919934699472
        ],
        [
          0.9319731050883608,
          0.27603421004221956,
          -0.23501328957811604
        ]
      ]
    },
    {
      "image": "frame_000077.jpg",
      "camera_id": 1,
      "width": 720,
      "height": 1280,
      "registered": true,
      "center_m": [
        -1.0127052912136096,
        0.11788848745760194,
        0.23165483837318587
      ],
      "camera_to_world_rotation": [
        [
          0.33182968676484054,
          -0.9433352178820875,
          0.0027795116302482556
        ],
        [
          -0.22964121712296878,
          -0.08363622496324023,
          -0.9696751483214262
        ],
        [
          0.9149611851766334,
          0.3211287102973714,
          -0.24438162992114917
        ]
      ]
    },
    {
      "image": "frame_000078.jpg",
      "camera_id": 1,
      "width": 720,
      "height": 1280,
      "registered": true,
      "center_m": [
        -1.0157386943775593,
        0.13414975495992715,
        0.2296364820707883
      ],
      "camera_to_world_rotation": [
        [
          0.3729808807169105,
          -0.9278328239018099,
          0.0033931563522988477
        ],
        [
          -0.2348511599977603,
          -0.0979448644725989,
          -0.9670841412054851
        ],
        [
          0.8976247519244023,
          0.35990700800878755,
          -0.254434176790026
        ]
      ]
    },
    {
      "image": "frame_000079.jpg",
      "camera_id": 1,
      "width": 720,
      "height": 1280,
      "registered": true,
      "center_m": [
        -1.0177434977550874,
        0.14261728826591505,
        0.22780805569626408
      ],
      "camera_to_world_rotation": [
        [
          0.413269369258762,
          -0.9106087895604436,
          0.0002465922325089049
        ],
        [
          -0.24195379710942774,
          -0.11006901670133828,
          -0.9640244663008976
        ],
        [
          0.8778762945294715,
          0.3983421192111932,
          -0.26581340742246334
        ]
      ]
    },
    {
      "image": "frame_000080.jpg",
      "camera_id": 1,
      "width": 720,
      "height": 1280,
      "registered": true,
      "center_m": [
        -1.018753715284305,
        0.15500685469616365,
        0.2256245124799153
      ],
      "camera_to_world_rotation": [
        [
          0.4416415170394957,
          -0.897171469259164,
          -0.006010422148724471
        ],
        [
          -0.25531596846253746,
          -0.11925399504971669,
          -0.9594749819107942
        ],
        [
          0.8600968123851465,
          0.4252785433242962,
          -0.28172971783763845
        ]
      ]
    },
    {
      "image": "frame_000081.jpg",
      "camera_id": 1,
      "width": 720,
      "height": 1280,
      "registered": true,
      "center_m": [
        -1.0171409934124658,
        0.16396584037491324,
        0.21797123791999842
      ],
      "camera_to_world_rotation": [
        [
          0.45672187104407125,
          -0.8894871261011308,
          -0.0147575407962885
        ],
        [
          -0.27432999273694675,
          -0.1250401595193099,
          -0.9534715588796199
        ],
        [
          0.8462553914717175,
          0.4395197504182684,
          -0.3011215724542391
        ]
      ]
    },
    {
      "image": "frame_000082.jpg",
      "camera_id": 1,
      "width": 720,
      "height": 1280,
      "registered": true,
      "center_m": [
        -1.0035262429576517,
        0.16538479255712335,
        0.20109960891066242
      ],
      "camera_to_world_rotation": [
        [
          0.4531557090028779,
          -0.8908630696464807,
          -0.031826004118478496
        ],
        [
          -0.31626092262389793,
          -0.12728780553428004,
          -0.9400940609233465
        ],
        [
          0.8334440186474318,
          0.4360743121330556,
          -0.3394263721022608
        ]
      ]
    },
    {
      "image": "frame_000083.jpg",
      "camera_id": 1,
      "width": 720,
      "height": 1280,
      "registered": true,
      "center_m": [
        -0.9996046688058043,
        0.15574663165765157,
        0.19062385444219737
      ],
      "camera_to_world_rotation": [
        [
          0.4375596436718271,
          -0.898137962198314,
          -0.043471359399529584
        ],
        [
          -0.3423095173498043,
          -0.12167353198029883,
          -0.9316757729742591
        ],
        [
          0.8314840663305146,
          0.4225443792948838,
          -0.36068059965123384
        ]
      ]
    },
    {
      "image": "frame_000084.jpg",
      "camera_id": 1,
      "width": 720,
      "height": 1280,
      "registered": true,
      "center_m": [
        -0.9862620726874509,
        0.13932661393119208,
        0.18146534009814452
      ],
      "camera_to_world_rotation": [
        [
          0.40546995543003084,
          -0.9123524000016798,
          -0.05663226513873612
        ],
        [
          -0.3669165626401674,
          -0.10569646361511698,
          -0.9242296758055232
        ],
        [
          0.8372373327222656,
          0.395526681515209,
          -0.3776139469162566
        ]
      ]
    },
    {
      "image": "frame_000085.jpg",
      "camera_id": 1,
      "width": 720,
      "height": 1280,
      "registered": true,
      "center_m": [
        -0.9697872898277496,
        0.11374838634650648,
        0.17024667347045655
      ],
      "camera_to_world_rotation": [
        [
          0.3664824261794955,
          -0.9277669536666844,
          -0.07027880893719689
        ],
        [
          -0.3857844875365308,
          -0.08278625210412299,
          -0.9188671098906136
        ],
        [
          0.846676420173473,
          0.36386112205976734,
          -0.3882578052990565
        ]
      ]
    },
    {
      "image": "frame_000086.jpg",
      "camera_id": 1,
      "width": 720,
      "height": 1280,
      "registered": true,
      "center_m": [
        -0.9580604858782367,
        0.09099478495218323,
        0.1673881861302875
      ],
      "camera_to_world_rotation": [
        [
          0.32567304207687175,
          -0.9419465674784038,
          -0.08169292307201244
        ],
        [
          -0.40018179713697904,
          -0.05904544941041825,
          -0.9145316638280709
        ],
        [
          0.8566163662367272,
          0.33053032980284164,
          -0.39617938131080305
        ]
      ]
    },
    {
      "image": "frame_000087.jpg",
      "camera_id": 1,
      "width": 720,
      "height": 1280,
      "registered": true,
      "center_m": [
        -0.9492063318402673,
        0.07414446112489168,
        0.16192854951756702
      ],
      "camera_to_world_rotation": [
        [
          0.28203519550766065,
          -0.9549569056854971,
          -0.09226839533955458
        ],
        [
          -0.4092488390983855,
          -0.03276491912233286,
          -0.9118343313187603
        ],
        [
          0.8677393250231198,
          0.2949301075822671,
          -0.40005586541123583
        ]
      ]
    },
    {
      "image": "frame_000088.jpg",
      "camera_id": 1,
      "width": 720,
      "height": 1280,
      "registered": true,
      "center_m": [
        -0.9396746249003226,
        0.05878883457716772,
        0.15047553092953259
      ],
      "camera_to_world_rotation": [
        [
          0.23410433398332617,
          -0.9669537539058829,
          -0.10097325694234469
        ],
        [
          -0.4060774153577203,
          -0.0028870827915911538,
          -0.9138341192412046
        ],
        [
          0.8833438138950298,
          0.25493548705559993,
          -0.3933339597506262
        ]
      ]
    },
    {
      "image": "frame_000089.jpg",
      "camera_id": 1,
      "width": 720,
      "height": 1280,
      "registered": true,
      "center_m": [
        -0.9287490900664238,
        0.04653510475612489,
        0.13126120254652715
      ],
      "camera_to_world_rotation": [
        [
          0.181691629732299,
          -0.9771920944827571,
          -0.10992616688315633
        ],
        [
          -0.4113086016402796,
          0.02601854728092301,
          -0.911124727693255
        ],
        [
          0.893204000160064,
          0.2107573146483716,
          -0.3972001616569011
        ]
      ]
    },
    {
      "image": "frame_000090.jpg",
      "camera_id": 1,
      "width": 720,
      "height": 1280,
      "registered": true,
      "center_m": [
        -0.9164874634147592,
        0.03259076949183418,
        0.1107222648827134
      ],
      "camera_to_world_rotation": [
        [
          0.12397006342827133,
          -0.9851067762739215,
          -0.11914723124266303
        ],
        [
          -0.4171163031374461,
          0.057214723302296336,
          -0.9070504203705504
        ],
        [
          0.900358491396922,
          0.1621453507709794,
          -0.4038111838382085
        ]
      ]
    },
    {
      "image": "frame_000091.jpg",
      "camera_id": 1,
      "width": 720,
      "height": 1280,
      "registered": true,
      "center_m": [
        -0.9053646418385964,
        0.000777986032309784,
        0.08514184578704563
      ],
      "camera_to_world_rotation": [
        [
          0.0629347824425409,
          -0.9896002124085979,
          -0.12934694723791457
        ],
        [
          -0.42035101561574373,
          0.09126369805319583,
          -0.9027601902434932
        ],
        [
          0.9051763567558109,
          0.11118613680901439,
          -0.41023579335763016
        ]
      ]
    },
    {
      "image": "frame_000092.jpg",
      "camera_id": 1,
      "width": 720,
      "height": 1280,
      "registered": true,
      "center_m": [
        -0.8834537156437753,
        -0.019563347527983596,
        0.07235695906418228
      ],
      "camera_to_world_rotation": [
        [
          -0.0258713049906322,
          -0.9911782034951362,
          -0.12998632425850062
        ],
        [
          -0.43127273484517475,
          0.12837332633982532,
          -0.8930420579477836
        ],
        [
          0.9018505994660344,
          0.03295539410480631,
          -0.43078932001867404
        ]
      ]
    },
    {
      "image": "frame_000093.jpg",
      "camera_id": 1,
      "width": 720,
      "height": 1280,
      "registered": true,
      "center_m": [
        -0.8773065290091414,
        -0.05112135560099962,
        0.06569603548393914
      ],
      "camera_to_world_rotation": [
        [
          -0.09100187749090488,
          -0.9853600584367289,
          -0.14416731089500526
        ],
        [
          -0.43056253940740347,
          0.16946847448468402,
          -0.8865079445864443
        ],
        [
          0.8979613343302592,
          -0.018600843889479395,
          -0.439681078344771
        ]
      ]
    },
    {
      "image": "frame_000094.jpg",
      "camera_id": 1,
      "width": 720,
      "height": 1280,
      "registered": true,
      "center_m": [
        -0.8772580766166083,
        -0.07110754696111427,
        0.06475209496804686
      ],
      "camera_to_world_rotation": [
        [
          -0.1642366025859632,
          -0.9739178127575716,
          -0.15655807984428025
        ],
        [
          -0.4244190606110936,
